Alex10
[1000, 1000],
[1000, 3000],
[1000, 5000],
[2000, 6000],
[4000, 6000], 
[6000, 6000],
[6000, 4000],
[6000, 2000],
[5000, 1000],
[3000, 1000]

Alex 16
[40, 10],
[10, 40],
[40, 40],
[20, 20],
[30, 30],
[10, 10],
[30, 10],
[20, 40],
[40, 20],
[10, 30],
[20, 10],
[20, 30],
[30, 20],
[30, 40],
[10, 20],
[40, 30]

Alex 33
[1000, 1000],
[1000, 2000],
[1000, 3000],
[1000, 4000],
[1000, 5000],
[1000, 6000],
[1000, 7000],
[1000, 8000],
[1000, 9000],
[2000, 9000],
[3000, 9000],
[4000, 9000],
[5000, 9000],
[6000, 9000],
[7000, 9000],
[8000, 9000],
[9000, 9000],
[9000, 8000],
[9000, 7000],
[9000, 6000],
[9000, 5000],
[9000, 4000],
[9000, 3000],
[9000, 2000],
[9000, 1000],
[8000, 1000],
[7000, 1000],
[6000, 1000],
[5000, 1000],
[4000, 1000],
[3000, 1000],
[2000, 1000]

Alex 48
[40, 10],
[10, 40],
[40, 40],    
[20, 20],    
[30, 30],    
[10, 10],    
[30, 10],    
[20, 40],    
[40, 20],     
[10, 30],    
[20, 10],    
[20, 30],    
[30, 20],      
[30, 40],      
[10, 20],    
[40, 30],
[50, 10],
[50, 40],
[50, 20],
[50, 30],
[90, 40],
[90, 10],
[90, 20],    
[90, 30],    
[60, 30],    
[60, 10],    
[60, 20],    
[60, 40],    
[80, 20],     
[80, 30],    
[80, 10],    
[80, 40],    
[70, 20],      
[70, 40],      
[70, 10],    
[70, 30],     
[100, 10],
[100, 40],
[100, 30],
[100, 20],
[120, 10],
[120, 40],
[120, 30],    
[120, 20],    
[110, 30],    
[110, 10],    
[110, 20],    
[110, 40]

acomp
[10, 50],
[10, 40],
[10, 30],
[10, 20],
[10, 10],
[20, 50],
[20, 40],
[20, 30],
[20, 20],
[20, 10],
[30, 50],
[30, 40],
[30, 30],
[30, 20],
[30, 10],
[40, 50],
[40, 40],
[40, 30],
[40, 20],
[40, 10],
[50, 50],
[50, 40],
[50, 30],
[50, 20],
[50, 10],
[60, 50],
[60, 40],
[60, 30],
[60, 20],
[60, 10]

acomp2
[10, 70],
[10, 10],
[10, 50],
[10, 30],
[10, 20],
[10, 40],
[10, 60],
[70, 10],
[70, 70],
[70, 50],
[70, 20],
[70, 30],
[70, 60],
[70, 40],
[20, 60],
[20, 50],
[20, 40],
[20, 30],
[20, 20],
[20, 10],
[20, 70],
[30, 50],
[30, 40],
[30, 30],
[30, 20],
[30, 10],
[30, 60],
[30, 70],
[40, 50],
[40, 40],
[40, 30],
[40, 20],
[40, 10],
[40, 60],
[40, 70],
[50, 70],
[50, 60],
[50, 30],
[50, 40],
[50, 50],
[50, 10],
[50, 20],
[60, 60],
[60, 70],
[60, 50],
[60, 40],
[60, 30],
[60, 20],
[60, 10]
